30
0
12
0
1
0
2
0
24
0
21
0
13
0
19
0
19
0
16
1
30
1
8
1
29
1
8
1
30
2
1
2
4
2
2
2
17
2
15
2
5
2
17
3
1
3
19
3
6
3
28
3
1
3
16
3
16
3
14
3
15
3
23
3
7
3
11
4
1
4
20
4
19
4
4
4
15
4
5
4
20
4
8
4
25
4
2
5
17
5
28
5
27
5
16
5
7
5
8
5
2
5
15
5
20
5
18
5
25
5
14
5
23
5
4
6
25
6
19
6
5
6
26
6
17
6
12
6
4
6
28
6
24
6
9
6
5
6
0
6
5
6
20
6
15
6
12
7
19
7
2
7
28
7
30
7
15
7
27
8
26
8
16
8
3
8
9
8
22
9
13
9
19
9
8
9
23
9
9
9
9
9
8
9
29
9
1
9
27
10
14
10
23
10
13
10
21
10
15
10
